    1102O         01/01/06     426                               0.00        4260     0.00     0.00   0.00       0.00       0.00                                                                                                                   
    1103O         01/01/06     427                               0.00        4270     0.00     0.00   0.00       0.00       0.00                                                                                                                   
    1104O         01/01/06     428                               0.00        4280     0.00     0.00   0.00       0.00       0.00                                                                                                                   
    1105O         01/01/06     429                               0.00        4290     0.00     0.00   0.00       0.00       0.00                                                                                                                   
    1106O         01/01/06     430                               0.00        4300     0.00     0.00   0.00       0.00       0.00                                                                                                                   
    1107O         01/01/06     440                               0.00        4400     0.00     0.00   0.00       0.00       0.00                                                                                                                   
    1108O         01/01/06     450                               0.00        4500     0.00     0.00   0.00       0.00       0.00                                                                                                                   
    1109O         01/01/06     451                               0.00        4510     0.00     0.00   0.00       0.00       0.00                                                                                                                   
    1110O         01/01/06     452                               0.00        4520     0.00     0.00   0.00       0.00       0.00                                                                                                                   
    1111O         01/01/06     453                               0.00        4530     0.00     0.00   0.00       0.00       0.00                                                                                                                   
    1112O         01/01/06     454                               0.00        4540     0.00     0.00   0.00       0.00       0.00                                                                                                                   
    1113O         01/01/06     455                               0.00        4550     0.00     0.00   0.00       0.00       0.00                                                                                                                   
    1114O         01/01/06    4551                               0.00       45510     0.00     0.00   0.00       0.00       0.00                                                                                                                   
    1115O         01/01/06    4552                               0.00       45520     0.00     0.00   0.00       0.00       0.00                                                                                                                   
    1116O         01/01/06    4555                               0.00       45550     0.00     0.00   0.00       0.00       0.00                                                                                                                   
    1117O         01/01/06    4556                               0.00       45560     0.00     0.00   0.00       0.00       0.00                                                                                                                   
    1118O         01/01/06    4557                               0.00       45570     0.00     0.00   0.00       0.00       0.00                                                                                                                   
    1119O         01/01/06    4558                               0.00       45580     0.00     0.00   0.00       0.00       0.00                                                                                                                   
    1120O         01/01/06    4559                               0.00       45590     0.00     0.00   0.00       0.00       0.00                                                                                                                   
    1121O         01/01/06     456                               0.00        4560     0.00     0.00   0.00       0.00       0.00                                                                                                                   
    1122O         01/01/06     457                               0.00        4570     0.00     0.00   0.00       0.00       0.00                                                                                                                   
    1123O         01/01/06     458                               0.00        4580     0.00     0.00   0.00       0.00       0.00                                                                                                                   
    1124O         01/01/06     459                               0.00        4590     0.00     0.00   0.00       0.00       0.00                                                                                                                   
    1125O         01/01/06     460                               0.00        4600     0.00     0.00   0.00       0.00       0.00                                                                                                                   
    1126O         01/01/06     470                               0.00        4700     0.00     0.00   0.00       0.00       0.00                                                                                                                   
    1127O         01/01/06     471                               0.00        4710     0.00     0.00   0.00       0.00       0.00                                                                                                                   
    1128O         01/01/06     472                               0.00        4720     0.00     0.00   0.00       0.00       0.00                                                                                                                   
    1129O         01/01/06     473                               0.00        4730     0.00     0.00   0.00       0.00       0.00                                                                                                                   
    1130O         01/01/06     474                               0.00        4740     0.00     0.00   0.00       0.00       0.00                                                                                                                   
    1131O         01/01/06     475                               0.00        4750     0.00     0.00   0.00       0.00       0.00                                                                                                                   
    1132O         01/01/06     482                               0.00        4820     0.00     0.00   0.00       0.00       0.00                                                                                                                   
    1133O         01/01/06     483                               0.00        4830     0.00     0.00   0.00       0.00       0.00                                                                                                                   
    1134O         01/01/06     484                               0.00        4840     0.00     0.00   0.00       0.00       0.00                                                                                                                   
    1135O         01/01/06     485                               0.00        4850     0.00     0.00   0.00       0.00       0.00                                                                                                                   
    1136O         01/01/06     488                               0.00        4880     0.00     0.00   0.00       0.00       0.00                                                                                                                   
    1137O         01/01/06     489                               0.00        4890     0.00     0.00   0.00       0.00       0.00                                                                                                                   
    1138O         01/01/06     500                               0.00        5000     0.00     0.00   0.00       0.00       0.00                                                                                                                   
    1139O         01/01/06     501                               0.00        5010     0.00     0.00   0.00       0.00       0.00                                                                                                                   
    1140O         01/01/06     502                               0.00        5020     0.00     0.00   0.00       0.00       0.00                                                                                                                   
    1141O         01/01/06     503                               0.00        5030     0.00     0.00   0.00       0.00       0.00                                                                                                                   
    1142O         01/01/06     504                               0.00        5040     0.00     0.00   0.00       0.00       0.00                                                                                                                   
    1143O         01/01/06     505                               0.00        5050     0.00     0.00   0.00       0.00       0.00                                                                                                                   
    1144O         01/01/06     506                               0.00        5060     0.00     0.00   0.00       0.00       0.00                                                                                                                   
    1145O         01/01/06     507                               0.00        5070     0.00     0.00   0.00       0.00       0.00                                                                                                                   
    1146O         01/01/06     508                               0.00        5080     0.00     0.00   0.00       0.00       0.00                                                                                                                   
    1147O         01/01/06     510                               0.00        5100     0.00     0.00   0.00       0.00       0.00                                                                                                                   
    1148O         01/01/06     520                               0.00        5200     0.00     0.00   0.00       0.00       0.00                                                                                                                   
    1149O         01/01/06     530                               0.00        5300     0.00     0.00   0.00       0.00       0.00                                                                                                                   
    1150O         01/01/06     540                               0.00        5400     0.00     0.00   0.00       0.00       0.00                                                                                                                   
    1151O         01/01/06     550                               0.00        5500     0.00     0.00   0.00       0.00       0.00                                                                                                                   
    1152O         01/01/06     560                               0.00        5600     0.00     0.00   0.00       0.00       0.00                                                                                                                   
    1153O         01/01/06     570                               0.00        5700     0.00     0.00   0.00       0.00       0.00                                                                                                                   
    1154O         01/01/06     580                               0.00        5800     0.00     0.00   0.00       0.00       0.00                                                                                                                   
    1155O         01/01/06     486                               0.00        4860     0.00     0.00   0.00       0.00       0.00                                                                                                                   
    1156O         01/01/06     480                               0.00        4800     0.00     0.00   0.00       0.00       0.00                                                                                                                   
    1157O         01/01/06     481                               0.00        4810     0.00     0.00   0.00       0.00       0.00                                                                                                                   
    1158O         01/01/06     169                               0.00        1690     0.00     0.00   0.00       0.00       0.00                                                                                                                   
    1159O         01/01/06     476                               0.00        4760     0.00     0.00   0.00       0.00       0.00                                                                                                                   
    1  1O         01/01/06    1081Pièce pour Bic_2144_2      562070        0.00     0.00     0.00   0.00       0.00       0.00                                                                                                                   
