    1  2O         01/01/06     109                               0.00        1090     0.00     0.00   0.00       0.00       0.00                                                                                                                   
    1  3O         01/01/06     200                               0.00        2000     0.00     0.00   0.00       0.00       0.00                                                                                                                   
    1  4O         01/01/06     201                               0.00        2010     0.00     0.00   0.00       0.00       0.00                                                                                                                   
    1  5O         01/01/06     202                               0.00        2020     0.00     0.00   0.00       0.00       0.00                                                                                                                   
    1  6O         01/01/06     203                               0.00        2030     0.00     0.00   0.00       0.00       0.00                                                                                                                   
    1  7O         01/01/06     204                               0.00        2040     0.00     0.00   0.00       0.00       0.00                                                                                                                   
    1  8O         01/01/06     205                               0.00        2050     0.00     0.00   0.00       0.00       0.00                                                                                                                   
    1  9O         01/01/06     206                               0.00        2060     0.00     0.00   0.00       0.00       0.00                                                                                                                   
    1 10O         01/01/06     207                               0.00        2070     0.00     0.00   0.00       0.00       0.00                                                                                                                   
    1 11O         01/01/06     208                               0.00        2080     0.00     0.00   0.00       0.00       0.00                                                                                                                   
    1 12O         01/01/06     209                               0.00        2090     0.00     0.00   0.00       0.00       0.00                                                                                                                   
    1 13O         01/01/06     237                               0.00        2370     0.00     0.00   0.00       0.00       0.00                                                                                                                   
    1 14O         01/01/06     210                               0.00        2100     0.00     0.00   0.00       0.00       0.00                                                                                                                   
    1 15O         01/01/06     211                               0.00        2110     0.00     0.00   0.00       0.00       0.00                                                                                                                   
    1 16O         01/01/06     212                               0.00        2120     0.00     0.00   0.00       0.00       0.00                                                                                                                   
    1 17O         01/01/06     216                               0.00        2160     0.00     0.00   0.00       0.00       0.00                                                                                                                   
    1 18O         01/01/06     217                               0.00        2170     0.00     0.00   0.00       0.00       0.00                                                                                                                   
    1 19O         01/01/06     213                               0.00        2130     0.00     0.00   0.00       0.00       0.00                                                                                                                   
    1 20O         01/01/06     214                               0.00        2140     0.00     0.00   0.00       0.00       0.00                                                                                                                   
    1 21O         01/01/06     215                               0.00        2150     0.00     0.00   0.00       0.00       0.00                                                                                                                   
    1 22O         01/01/06     218                               0.00        2180     0.00     0.00   0.00       0.00       0.00                                                                                                                   
    1 23O         01/01/06     219                               0.00        2190     0.00     0.00   0.00       0.00       0.00                                                                                                                   
    1 24O         01/01/06     220                               0.00        2200     0.00     0.00   0.00       0.00       0.00                                                                                                                   
    1 25O         01/01/06     240                               0.00        2400     0.00     0.00   0.00       0.00       0.00                                                                                                                   
    1 26O         01/01/06     241                               0.00        2410     0.00     0.00   0.00       0.00       0.00                                                                                                                   
    1 27O         01/01/06     242                               0.00        2420     0.00     0.00   0.00       0.00       0.00                                                                                                                   
    1 28O         01/01/06     243                               0.00        2430     0.00     0.00   0.00       0.00       0.00                                                                                                                   
    1 29O         01/01/06     244                               0.00        2440     0.00     0.00   0.00       0.00       0.00                                                                                                                   
    1 30O         01/01/06     245                               0.00        2450     0.00     0.00   0.00       0.00       0.00                                                                                                                   
    1 31O         01/01/06     246                               0.00        2460     0.00     0.00   0.00       0.00       0.00                                                                                                                   
    1 32O         01/01/06     247                               0.00        2470     0.00     0.00   0.00       0.00       0.00                                                                                                                   
    1 33O         01/01/06     248                               0.00        2480     0.00     0.00   0.00       0.00       0.00                                                                                                                   
    1 34O         01/01/06     249                               0.00        2490     0.00     0.00   0.00       0.00       0.00                                                                                                                   
    1 35O         01/01/06     230                               0.00        2300     0.00     0.00   0.00       0.00       0.00                                                                                                                   
    1 36O         01/01/06     231                               0.00        2310     0.00     0.00   0.00       0.00       0.00                                                                                                                   
    1 37O         01/01/06     232                               0.00        2320     0.00     0.00   0.00       0.00       0.00                                                                                                                   
    1 38O         01/01/06     233                               0.00        2330     0.00     0.00   0.00       0.00       0.00                                                                                                                   
    1 39O         01/01/06     234                               0.00        2340     0.00     0.00   0.00       0.00       0.00                                                                                                                   
    1 40O         01/01/06     235                               0.00        2350     0.00     0.00   0.00       0.00       0.00                                                                                                                   
    1 41O         01/01/06     236                               0.00        2360     0.00     0.00   0.00       0.00       0.00                                                                                                                   
    1 42O         01/01/06     238                               0.00        2380     0.00     0.00   0.00       0.00       0.00                                                                                                                   
    1 43O         01/01/06     239                               0.00        2390     0.00     0.00   0.00       0.00       0.00                                                                                                                   
    1 44O         01/01/06     250                               0.00        2500     0.00     0.00   0.00       0.00       0.00                                                                                                                   
    1 45O         01/01/06     260                               0.00        2600     0.00     0.00   0.00       0.00       0.00                                                                                                                   
    1 46O         01/01/06     261                               0.00        2610     0.00     0.00   0.00       0.00       0.00                                                                                                                   
    1 47O         01/01/06     262                               0.00        2620     0.00     0.00   0.00       0.00       0.00                                                                                                                   
    1 48O         01/01/06     263                               0.00        2630     0.00     0.00   0.00       0.00       0.00                                                                                                                   
    1 49O         01/01/06     264                               0.00        2640     0.00     0.00   0.00       0.00       0.00                                                                                                                   
    1 50O         01/01/06     265                               0.00        2650     0.00     0.00   0.00       0.00       0.00                                                                                                                   
    1 51O         01/01/06     266                               0.00        2660     0.00     0.00   0.00       0.00       0.00                                                                                                                   
    1 52O         01/01/06     267                               0.00        2670     0.00     0.00   0.00       0.00       0.00                                                                                                                   
    1 53O         01/01/06     268                               0.00        2680     0.00     0.00   0.00       0.00       0.00                                                                                                                   
    1 54O         01/01/06     269                               0.00        2690     0.00     0.00   0.00       0.00       0.00                                                                                                                   
    1 55O         01/01/06     274                               0.00        2740     0.00     0.00   0.00       0.00       0.00                                                                                                                   
    1 56O         01/01/06   27684                               0.00      276840     0.00     0.00   0.00       0.00       0.00                                                                                                                   
    1 57O         01/01/06     270                               0.00        2700     0.00     0.00   0.00       0.00       0.00                                                                                                                   
    1 58O         01/01/06     271                               0.00        2710     0.00     0.00   0.00       0.00       0.00                                                                                                                   
    1 59O         01/01/06     272                               0.00        2720     0.00     0.00   0.00       0.00       0.00                                                                                                                   
    1 60O         01/01/06     273                               0.00        2730     0.00     0.00   0.00       0.00       0.00                                                                                                                   
    1 61O         01/01/06     275                               0.00        2750     0.00     0.00   0.00       0.00       0.00                                                                                                                   
    1 62O         01/01/06     276                               0.00        2760     0.00     0.00   0.00       0.00       0.00                                                                                                                   
    1 63O         01/01/06    2768                               0.00       27680     0.00     0.00   0.00       0.00       0.00                                                                                                                   
    1 64O         01/01/06     277                               0.00        2770     0.00     0.00   0.00       0.00       0.00                                                                                                                   
    1 65O         01/01/06     278                               0.00        2780     0.00     0.00   0.00       0.00       0.00                                                                                                                   
    1 66O         01/01/06     279                               0.00        2790     0.00     0.00   0.00       0.00       0.00                                                                                                                   
    1 67O         01/01/06     300                               0.00        3000     0.00     0.00   0.00       0.00       0.00                                                                                                                   
    1 68O         01/01/06     310                               0.00        3100     0.00     0.00   0.00       0.00       0.00                                                                                                                   
    1 69O         01/01/06     330                               0.00        3300     0.00     0.00   0.00       0.00       0.00                                                                                                                   
    1 70O         01/01/06     350                               0.00        3500     0.00     0.00   0.00       0.00       0.00                                                                                                                   
    1 71O         01/01/06     320                               0.00        3200     0.00     0.00   0.00       0.00       0.00                                                                                                                   
    1 72O         01/01/06     340                               0.00        3400     0.00     0.00   0.00       0.00       0.00                                                                                                                   
    1 73O         01/01/06     360                               0.00        3600     0.00     0.00   0.00       0.00       0.00                                                                                                                   
    1 74O         01/01/06     370                               0.00        3700     0.00     0.00   0.00       0.00       0.00                                                                                                                   
    1 75O         01/01/06     380                               0.00        3800     0.00     0.00   0.00       0.00       0.00                                                                                                                   
    1 76O         01/01/06     409                               0.00        4090     0.00     0.00   0.00       0.00       0.00                                                                                                                   
    1 77O         01/01/06     410                               0.00        4100     0.00     0.00   0.00       0.00       0.00                                                                                                                   
    1 78O         01/01/06     411                               0.00        4110     0.00     0.00   0.00       0.00       0.00                                                                                                                   
    1 79O         01/01/06     412                               0.00        4120     0.00     0.00   0.00       0.00       0.00                                                                                                                   
    1 80O         01/01/06     413                               0.00        4130     0.00     0.00   0.00       0.00       0.00                                                                                                                   
    1 81O         01/01/06     414                               0.00        4140     0.00     0.00   0.00       0.00       0.00                                                                                                                   
    1 82O         01/01/06     415                               0.00        4150     0.00     0.00   0.00       0.00       0.00                                                                                                                   
    1 83O         01/01/06     416                               0.00        4160     0.00     0.00   0.00       0.00       0.00                                                                                                                   
    1 84O         01/01/06     417                               0.00        4170     0.00     0.00   0.00       0.00       0.00                                                                                                                   
    1 85O         01/01/06     418                               0.00        4180     0.00     0.00   0.00       0.00       0.00                                                                                                                   
    1 86O         01/01/06    4181                               0.00       41810     0.00     0.00   0.00       0.00       0.00                                                                                                                   
    1 87O         01/01/06    4182                               0.00       41820     0.00     0.00   0.00       0.00       0.00                                                                                                                   
    1 88O         01/01/06    4183                               0.00       41830     0.00     0.00   0.00       0.00       0.00                                                                                                                   
    1 89O         01/01/06    4184                               0.00       41840     0.00     0.00   0.00       0.00       0.00                                                                                                                   
    1 90O         01/01/06    4185                               0.00       41850     0.00     0.00   0.00       0.00       0.00                                                                                                                   
    1 91O         01/01/06    4186                               0.00       41860     0.00     0.00   0.00       0.00       0.00                                                                                                                   
    1 92O         01/01/06    4187                               0.00       41870     0.00     0.00   0.00       0.00       0.00                                                                                                                   
    1 93O         01/01/06    4188                               0.00       41880     0.00     0.00   0.00       0.00       0.00                                                                                                                   
    1 94O         01/01/06    4189                               0.00       41890     0.00     0.00   0.00       0.00       0.00                                                                                                                   
    1 95O         01/01/06     419                               0.00        4190     0.00     0.00   0.00       0.00       0.00                                                                                                                   
    1 96O         01/01/06     420                               0.00        4200     0.00     0.00   0.00       0.00       0.00                                                                                                                   
    1 97O         01/01/06     421                               0.00        4210     0.00     0.00   0.00       0.00       0.00                                                                                                                   
    1 98O         01/01/06     422                               0.00        4220     0.00     0.00   0.00       0.00       0.00                                                                                                                   
    1 99O         01/01/06     423                               0.00        4230     0.00     0.00   0.00       0.00       0.00                                                                                                                   
    1100O         01/01/06     424                               0.00        4240     0.00     0.00   0.00       0.00       0.00                                                                                                                   
    1101O         01/01/06     425                               0.00        4250     0.00     0.00   0.00       0.00       0.00                                                                                                                   
    1  1O         01/01/06    1081Pièce pour Bic_2144_1      932150        0.00     0.00     0.00   0.00       0.00       0.00                                                                                                                   
