    1  2O         01/01/06     770                               0.00        7700     0.00     0.00   0.00       0.00       0.00                                                                                                                   
    1  3O         01/01/06     771                               0.00        7710     0.00     0.00   0.00       0.00       0.00                                                                                                                   
    1  4O         01/01/06     772                               0.00        7720     0.00     0.00   0.00       0.00       0.00                                                                                                                   
    1  5O         01/01/06     773                               0.00        7730     0.00     0.00   0.00       0.00       0.00                                                                                                                   
    1  6O         01/01/06     774                               0.00        7740     0.00     0.00   0.00       0.00       0.00                                                                                                                   
    1  7O         01/01/06     775                               0.00        7750     0.00     0.00   0.00       0.00       0.00                                                                                                                   
    1  8O         01/01/06     776                               0.00        7760     0.00     0.00   0.00       0.00       0.00                                                                                                                   
    1  9O         01/01/06     777                               0.00        7770     0.00     0.00   0.00       0.00       0.00                                                                                                                   
    1 10O         01/01/06     778                               0.00        7780     0.00     0.00   0.00       0.00       0.00                                                                                                                   
    1 11O         01/01/06     779                               0.00        7790     0.00     0.00   0.00       0.00       0.00                                                                                                                   
    1 12O         01/01/06     787                               0.00        7870     0.00     0.00   0.00       0.00       0.00                                                                                                                   
    1 13O         01/01/06     797                               0.00        7970     0.00     0.00   0.00       0.00       0.00                                                                                                                   
    1 14O         01/01/06     670                               0.00        6700     0.00     0.00   0.00       0.00       0.00                                                                                                                   
    1 15O         01/01/06     671                               0.00        6710     0.00     0.00   0.00       0.00       0.00                                                                                                                   
    1 16O         01/01/06     672                               0.00        6720     0.00     0.00   0.00       0.00       0.00                                                                                                                   
    1 17O         01/01/06     673                               0.00        6730     0.00     0.00   0.00       0.00       0.00                                                                                                                   
    1 18O         01/01/06     674                               0.00        6740     0.00     0.00   0.00       0.00       0.00                                                                                                                   
    1 19O         01/01/06     675                               0.00        6750     0.00     0.00   0.00       0.00       0.00                                                                                                                   
    1 20O         01/01/06     676                               0.00        6760     0.00     0.00   0.00       0.00       0.00                                                                                                                   
    1 21O         01/01/06     677                               0.00        6770     0.00     0.00   0.00       0.00       0.00                                                                                                                   
    1 22O         01/01/06     679                               0.00        6790     0.00     0.00   0.00       0.00       0.00                                                                                                                   
    1 23O         01/01/06     678                               0.00        6780     0.00     0.00   0.00       0.00       0.00                                                                                                                   
    1 24O         01/01/06     687                               0.00        6870     0.00     0.00   0.00       0.00       0.00                                                                                                                   
    1 25O         01/01/06     690                               0.00        6900     0.00     0.00   0.00       0.00       0.00                                                                                                                   
    1  1O         01/01/06    1081Pièce pour Bic_21462_1      174510        0.00     0.00     0.00   0.00       0.00       0.00                                                                                                                   
